14401
25939
11977
8855
20493
185
2175
5372
28805
21916
3886
30757
19368
30614
19291
10385
10702
13356
8386
22044
10797
24905
13047
26137
27810
28652
32077
15264
2223
5917
8695
23081
30144
11045
13421
5722
18610
29950
786
18718
27285
7689
9235
14583
11441
1023
18834
11669
24008
2346
8452
24999
17563
13525
16855
18161
9135
14337
28504
20639
10833
10841
12757
14297
30424
4968
2814
28311
3626
5130
18833
13495
27778
17440
16439
845
4976
6280
25513
16954
14625
25933
5142
31744
31968
20506
5577
980
17629
18165
32007
16885
10541
20265
4406
6717
4115
16516
27461
8437
